[pathOpen]
pathFits=C:\AstroTemp\M101_newStar\june2\
[Preview]
PreviewGamma=45
Scale1000=2658
[Params]
FitFormat=2
RemoveGrad=0
IgnoreBlack=1
IgnoreWhite=0
WhiteLimit=4000.000000
BlendWhite=5000.000000
WhiteLimitExposure=50.000000
BlackLimit=5.000000
BlackBorder=1
UseSigma=1
FiltersLimit=
SigmaVal1000=2300
SigmaFade1000=300
NormalizeArea=400
NormalizeIterations=2
SigmaIterations=1
FillBorder=0
LightCorrelation=0
[PreviewWnd]
Left=530
Right=3004
Top=230
Bottom=2056
[NoiseFrame]
Count=2
StartX0=5161
StartY0=4114
SizeX0=120
SizeY0=116
StartX1=6264
StartY1=3251
SizeX1=90
SizeY1=151
StartX2=9088
StartY2=430
SizeX2=229
SizeY2=146
StartX3=5833
StartY3=3687
SizeX3=17
SizeY3=24
[LightFrame]
Count=2
StartX0=5820
StartY0=3648
SizeX0=176
SizeY0=149
StartX1=5947
StartY1=3861
SizeX1=24
SizeY1=32
StartX2=6118
StartY2=3717
SizeX2=8
SizeY2=7
StartX3=6075
StartY3=3911
SizeX3=9
SizeY3=9
StartX4=5854
StartY4=3544
SizeX4=9
SizeY4=8
StartX5=5941
StartY5=3836
SizeX5=69
SizeY5=65
[Calibration]
Count=15
File_0=C:\AstroTemp\QHY600_uncalibrated\2023-04-24_darks-15\bias_H-alpha_1.00s_2023-04-22_0069_-15.00_._x57.fit
File_1=C:\AstroTemp\QHY600_uncalibrated\2023-04-24_darks-15\darks_H-alpha_240.00s_2023-04-24_0045_-15.00_._x58.fit
File_2=C:\AstroTemp\QHY600_uncalibrated\2023-04-24_darks-15\darks_H-alpha_600.00s_2023-04-22_0040_-15.00_._x57.fit
File_3=C:\AstroTemp\QHY600_uncalibrated\2023-05-13_flat-15\darkflat_3.00s_2023-05-13_0002_-15.00_._x30.fit
File_4=C:\AstroTemp\QHY600_uncalibrated\2023-05-13_flat-15\flats_Blue_3.00s_2023-05-13_0030_-15.00_._x30-Blue.fit
File_5=C:\AstroTemp\QHY600_uncalibrated\2023-05-13_flat-15\flats_Green_3.00s_2023-05-13_0030_-15.00_._x30-Green.fit
File_6=C:\AstroTemp\QHY600_uncalibrated\2023-05-13_flat-15\flats_H-alpha_3.00s_2023-05-13_0030_-15.00_._x30-H-alpha.fit
File_7=C:\AstroTemp\QHY600_uncalibrated\2023-05-13_flat-15\flats_Light_3.00s_2023-05-13_0030_-15.00_._x30-Light.fit
File_8=C:\AstroTemp\QHY600_uncalibrated\2023-05-13_flat-15\flats_O-III_3.00s_2023-05-13_0030_-15.00_._x30-O-III.fit
File_9=C:\AstroTemp\QHY600_uncalibrated\2023-05-13_flat-15\flats_Red_3.00s_2023-05-13_0030_-15.00_._x30-Red.fit
File_10=C:\AstroTemp\QHY600_uncalibrated\2023-05-13_flat-15\flats_S-II_3.00s_2023-05-13_0030_-15.00_._x30-S-II.fit
File_11=C:\AstroTemp\QHY600_uncalibrated\2023-05-14\darkflat_H-alpha_3.00s_2023-05-14_0003_-11.00_._x25.fit
File_12=C:\AstroTemp\QHY600_uncalibrated\2023-05-14\darks_H-alpha_1.00s_2023-05-14_0030_-11.00_._x24.fit
File_13=C:\AstroTemp\QHY600_uncalibrated\2023-05-14\darks_H-alpha_240.00s_2023-05-14_0020_-11.00_._x25.fit
File_14=C:\AstroTemp\QHY600_uncalibrated\2023-05-14\darks_H-alpha_600.00s_2023-05-14_0020_-11.00_._x23.fit
[Crop]
StartX=0
SizeX=0
StartY=0
SizeY=0
[Calibrate]
Gain=1
Offset=1
Camera=1
SetTemp=1
Telescope=1
Filter=1
DarkMin=750.000000
DarkMax=6000.000000
Pedestal=100.000000
OutputPath=C:\AstroTemp\M101_newStar\june2\
DarkOpt=2
LinearityMax=40000.000000
